CPU ,	Core,	St	,	N	,		,	L1d	,	L1i	,	L2	,	L3
0	,	0	,	0	,	0	,		,	0	,	0	,	0	,	0
1	,	1	,	0	,	0	,		,	1	,	1	,	1	,	0
2	,	2	,	0	,	0	,		,	2	,	2	,	2	,	0
3	,	3	,	0	,	0	,		,	3	,	3	,	3	,	0
4	,	4	,	1	,	1	,		,	4	,	4	,	4	,	1
5	,	5	,	1	,	1	,		,	5	,	5	,	5	,	1
6	,	6	,	1	,	1	,		,	6	,	6	,	6	,	1
7	,	7	,	1	,	1	,		,	7	,	7	,	7	,	1
8	,	0	,	0	,	0	,		,	0	,	0	,	0	,	0
9	,	1	,	0	,	0	,		,	1	,	1	,	1	,	0
10	,	2	,	0	,	0	,		,	2	,	2	,	2	,	0
11	,	3	,	0	,	0	,		,	3	,	3	,	3	,	0
12	,	4	,	1	,	1	,		,	4	,	4	,	4	,	1
13	,	5	,	1	,	1	,		,	5	,	5	,	5	,	1
14	,	6	,	1	,	1	,		,	6	,	6	,	6	,	1
15	,	7	,	1	,	1	,		,	7	,	7	,	7	,	1
